{
 "cells": [
  {
   "cell_type": "code",
   "execution_count": 2,
   "metadata": {},
   "outputs": [],
   "source": [
    "%load_ext autoreload\n",
    "%autoreload 2"
   ]
  },
  {
   "cell_type": "code",
   "execution_count": 3,
   "metadata": {},
   "outputs": [],
   "source": [
    "%load_ext lab_black"
   ]
  },
  {
   "cell_type": "code",
   "execution_count": 4,
   "metadata": {},
   "outputs": [],
   "source": [
    "import numpy as np\n",
    "import math\n",
    "import pandas as pd\n",
    "import itertools\n",
    "import copy\n",
    "from sklearn.cluster import DBSCAN"
   ]
  },
  {
   "cell_type": "code",
   "execution_count": 5,
   "metadata": {},
   "outputs": [],
   "source": [
    "from random import choice"
   ]
  },
  {
   "cell_type": "code",
   "execution_count": 6,
   "metadata": {},
   "outputs": [],
   "source": [
    "np.random.seed(42)"
   ]
  },
  {
   "cell_type": "markdown",
   "metadata": {},
   "source": []
  },
  {
   "cell_type": "markdown",
   "metadata": {
    "tags": []
   },
   "source": [
    "# Constants and Data Loading"
   ]
  },
  {
   "cell_type": "code",
   "execution_count": 7,
   "metadata": {},
   "outputs": [],
   "source": [
    "np.set_printoptions(precision=2)\n",
    "np.set_printoptions(suppress=True)"
   ]
  },
  {
   "cell_type": "code",
   "execution_count": 8,
   "metadata": {},
   "outputs": [],
   "source": [
    "max_number_of_tracks = 232\n",
    "max_number_of_tracks_power_2 = 256\n",
    "max_number_of_tracks_log_2 = 8\n",
    "batch_size = 50\n",
    "eps = 0.15\n",
    "\n",
    "z0_file = \"/media/lucas/QS/binaries-trk/OldKF_TTbar_170K_quality-1-trk-z0.bin\"\n",
    "pt_file = \"/media/lucas/QS/binaries-trk/OldKF_TTbar_170K_quality-1-trk-pt.bin\"\n",
    "z0 = np.fromfile(z0_file, dtype=np.float32)\n",
    "pt = np.fromfile(pt_file, dtype=np.float32)"
   ]
  },
  {
   "cell_type": "code",
   "execution_count": 9,
   "metadata": {},
   "outputs": [],
   "source": [
    "df = pd.DataFrame({\"z0\": z0, \"pt\": pt})"
   ]
  },
  {
   "cell_type": "code",
   "execution_count": 10,
   "metadata": {},
   "outputs": [],
   "source": [
    "db = DBSCAN(eps=0.15, min_samples=2).fit(df.z0.values.reshape(-1, 1))"
   ]
  },
  {
   "cell_type": "code",
   "execution_count": 11,
   "metadata": {},
   "outputs": [],
   "source": [
    "df[\"label\"] = db.labels_"
   ]
  },
  {
   "cell_type": "code",
   "execution_count": 12,
   "metadata": {},
   "outputs": [],
   "source": [
    "df.sort_values(by=\"z0\", inplace=True)"
   ]
  },
  {
   "cell_type": "code",
   "execution_count": 13,
   "metadata": {},
   "outputs": [],
   "source": [
    "df.reset_index(drop=True, inplace=True)"
   ]
  },
  {
   "cell_type": "code",
   "execution_count": 14,
   "metadata": {},
   "outputs": [],
   "source": [
    "pd.set_option(\"display.max_rows\", None)"
   ]
  },
  {
   "cell_type": "code",
   "execution_count": 15,
   "metadata": {},
   "outputs": [],
   "source": [
    "df[\"is_noise\"] = 0\n",
    "df.loc[df.label == -1, \"is_noise\"] = 1"
   ]
  },
  {
   "cell_type": "code",
   "execution_count": 16,
   "metadata": {},
   "outputs": [],
   "source": [
    "n_noise = df[\"is_noise\"].sum()"
   ]
  },
  {
   "cell_type": "code",
   "execution_count": 17,
   "metadata": {},
   "outputs": [],
   "source": [
    "max_label = df.label.max()"
   ]
  },
  {
   "cell_type": "code",
   "execution_count": 18,
   "metadata": {},
   "outputs": [],
   "source": [
    "df.loc[df.label == -1, \"label\"] = np.arange(n_noise) + max_label + 1"
   ]
  },
  {
   "cell_type": "code",
   "execution_count": 19,
   "metadata": {},
   "outputs": [],
   "source": [
    "clusters = df.groupby([\"label\"]).agg({\"z0\": [min, max], \"pt\": [sum], \"is_noise\": [sum]})\n",
    "clusters.columns = [\"z0_min\", \"z0_max\", \"pt_sum\", \"is_noise\"]"
   ]
  },
  {
   "cell_type": "code",
   "execution_count": 20,
   "metadata": {},
   "outputs": [],
   "source": [
    "clusters.sort_values(by=\"pt_sum\", inplace=True, ascending=False)"
   ]
  },
  {
   "cell_type": "code",
   "execution_count": 21,
   "metadata": {},
   "outputs": [
    {
     "name": "stdout",
     "output_type": "stream",
     "text": [
      "hi\n"
     ]
    }
   ],
   "source": [
    "print(\"hi\")"
   ]
  },
  {
   "cell_type": "code",
   "execution_count": 22,
   "metadata": {},
   "outputs": [
    {
     "data": {
      "text/html": [
       "<div>\n",
       "<style scoped>\n",
       "    .dataframe tbody tr th:only-of-type {\n",
       "        vertical-align: middle;\n",
       "    }\n",
       "\n",
       "    .dataframe tbody tr th {\n",
       "        vertical-align: top;\n",
       "    }\n",
       "\n",
       "    .dataframe thead th {\n",
       "        text-align: right;\n",
       "    }\n",
       "</style>\n",
       "<table border=\"1\" class=\"dataframe\">\n",
       "  <thead>\n",
       "    <tr style=\"text-align: right;\">\n",
       "      <th></th>\n",
       "      <th>z0_min</th>\n",
       "      <th>z0_max</th>\n",
       "      <th>pt_sum</th>\n",
       "      <th>is_noise</th>\n",
       "    </tr>\n",
       "    <tr>\n",
       "      <th>label</th>\n",
       "      <th></th>\n",
       "      <th></th>\n",
       "      <th></th>\n",
       "      <th></th>\n",
       "    </tr>\n",
       "  </thead>\n",
       "  <tbody>\n",
       "    <tr>\n",
       "      <th>0</th>\n",
       "      <td>-3.164062</td>\n",
       "      <td>-1.406250</td>\n",
       "      <td>142.023392</td>\n",
       "      <td>0</td>\n",
       "    </tr>\n",
       "    <tr>\n",
       "      <th>6</th>\n",
       "      <td>-3.808594</td>\n",
       "      <td>-3.398438</td>\n",
       "      <td>104.907082</td>\n",
       "      <td>0</td>\n",
       "    </tr>\n",
       "    <tr>\n",
       "      <th>4</th>\n",
       "      <td>-0.117188</td>\n",
       "      <td>0.410156</td>\n",
       "      <td>51.442478</td>\n",
       "      <td>0</td>\n",
       "    </tr>\n",
       "    <tr>\n",
       "      <th>3</th>\n",
       "      <td>-0.585938</td>\n",
       "      <td>-0.292969</td>\n",
       "      <td>17.673368</td>\n",
       "      <td>0</td>\n",
       "    </tr>\n",
       "    <tr>\n",
       "      <th>11</th>\n",
       "      <td>3.457031</td>\n",
       "      <td>3.632812</td>\n",
       "      <td>17.044699</td>\n",
       "      <td>0</td>\n",
       "    </tr>\n",
       "    <tr>\n",
       "      <th>1</th>\n",
       "      <td>2.812500</td>\n",
       "      <td>3.105469</td>\n",
       "      <td>14.746803</td>\n",
       "      <td>0</td>\n",
       "    </tr>\n",
       "    <tr>\n",
       "      <th>2</th>\n",
       "      <td>-4.218750</td>\n",
       "      <td>-4.042969</td>\n",
       "      <td>13.367491</td>\n",
       "      <td>0</td>\n",
       "    </tr>\n",
       "    <tr>\n",
       "      <th>15</th>\n",
       "      <td>0.878906</td>\n",
       "      <td>1.054688</td>\n",
       "      <td>9.260561</td>\n",
       "      <td>0</td>\n",
       "    </tr>\n",
       "    <tr>\n",
       "      <th>14</th>\n",
       "      <td>5.742188</td>\n",
       "      <td>5.859375</td>\n",
       "      <td>8.528573</td>\n",
       "      <td>0</td>\n",
       "    </tr>\n",
       "    <tr>\n",
       "      <th>8</th>\n",
       "      <td>-1.054688</td>\n",
       "      <td>-0.937500</td>\n",
       "      <td>8.141763</td>\n",
       "      <td>0</td>\n",
       "    </tr>\n",
       "    <tr>\n",
       "      <th>7</th>\n",
       "      <td>-5.625000</td>\n",
       "      <td>-5.507812</td>\n",
       "      <td>7.957811</td>\n",
       "      <td>0</td>\n",
       "    </tr>\n",
       "    <tr>\n",
       "      <th>19</th>\n",
       "      <td>2.460938</td>\n",
       "      <td>2.519531</td>\n",
       "      <td>7.425566</td>\n",
       "      <td>0</td>\n",
       "    </tr>\n",
       "    <tr>\n",
       "      <th>13</th>\n",
       "      <td>1.992188</td>\n",
       "      <td>2.109375</td>\n",
       "      <td>6.752706</td>\n",
       "      <td>0</td>\n",
       "    </tr>\n",
       "    <tr>\n",
       "      <th>5</th>\n",
       "      <td>3.867188</td>\n",
       "      <td>3.867188</td>\n",
       "      <td>6.423915</td>\n",
       "      <td>0</td>\n",
       "    </tr>\n",
       "    <tr>\n",
       "      <th>12</th>\n",
       "      <td>6.503906</td>\n",
       "      <td>6.621094</td>\n",
       "      <td>6.150181</td>\n",
       "      <td>0</td>\n",
       "    </tr>\n",
       "    <tr>\n",
       "      <th>9</th>\n",
       "      <td>1.289062</td>\n",
       "      <td>1.347656</td>\n",
       "      <td>5.256238</td>\n",
       "      <td>0</td>\n",
       "    </tr>\n",
       "    <tr>\n",
       "      <th>10</th>\n",
       "      <td>-4.921875</td>\n",
       "      <td>-4.921875</td>\n",
       "      <td>4.852124</td>\n",
       "      <td>0</td>\n",
       "    </tr>\n",
       "    <tr>\n",
       "      <th>16</th>\n",
       "      <td>0.585938</td>\n",
       "      <td>0.644531</td>\n",
       "      <td>4.706585</td>\n",
       "      <td>0</td>\n",
       "    </tr>\n",
       "    <tr>\n",
       "      <th>18</th>\n",
       "      <td>1.640625</td>\n",
       "      <td>1.699219</td>\n",
       "      <td>4.665102</td>\n",
       "      <td>0</td>\n",
       "    </tr>\n",
       "    <tr>\n",
       "      <th>17</th>\n",
       "      <td>5.273438</td>\n",
       "      <td>5.390625</td>\n",
       "      <td>4.282117</td>\n",
       "      <td>0</td>\n",
       "    </tr>\n",
       "    <tr>\n",
       "      <th>20</th>\n",
       "      <td>-9.199219</td>\n",
       "      <td>-9.199219</td>\n",
       "      <td>2.812771</td>\n",
       "      <td>1</td>\n",
       "    </tr>\n",
       "    <tr>\n",
       "      <th>27</th>\n",
       "      <td>4.042969</td>\n",
       "      <td>4.042969</td>\n",
       "      <td>2.748021</td>\n",
       "      <td>1</td>\n",
       "    </tr>\n",
       "    <tr>\n",
       "      <th>23</th>\n",
       "      <td>-5.097656</td>\n",
       "      <td>-5.097656</td>\n",
       "      <td>2.698591</td>\n",
       "      <td>1</td>\n",
       "    </tr>\n",
       "    <tr>\n",
       "      <th>21</th>\n",
       "      <td>-8.261719</td>\n",
       "      <td>-8.261719</td>\n",
       "      <td>2.654077</td>\n",
       "      <td>1</td>\n",
       "    </tr>\n",
       "    <tr>\n",
       "      <th>28</th>\n",
       "      <td>5.097656</td>\n",
       "      <td>5.097656</td>\n",
       "      <td>2.542250</td>\n",
       "      <td>1</td>\n",
       "    </tr>\n",
       "    <tr>\n",
       "      <th>22</th>\n",
       "      <td>-6.093750</td>\n",
       "      <td>-6.093750</td>\n",
       "      <td>2.223069</td>\n",
       "      <td>1</td>\n",
       "    </tr>\n",
       "    <tr>\n",
       "      <th>26</th>\n",
       "      <td>2.285156</td>\n",
       "      <td>2.285156</td>\n",
       "      <td>2.199723</td>\n",
       "      <td>1</td>\n",
       "    </tr>\n",
       "    <tr>\n",
       "      <th>25</th>\n",
       "      <td>-0.761719</td>\n",
       "      <td>-0.761719</td>\n",
       "      <td>2.089986</td>\n",
       "      <td>1</td>\n",
       "    </tr>\n",
       "    <tr>\n",
       "      <th>29</th>\n",
       "      <td>7.031250</td>\n",
       "      <td>7.031250</td>\n",
       "      <td>2.060123</td>\n",
       "      <td>1</td>\n",
       "    </tr>\n",
       "    <tr>\n",
       "      <th>24</th>\n",
       "      <td>-4.687500</td>\n",
       "      <td>-4.687500</td>\n",
       "      <td>1.958026</td>\n",
       "      <td>1</td>\n",
       "    </tr>\n",
       "  </tbody>\n",
       "</table>\n",
       "</div>"
      ],
      "text/plain": [
       "         z0_min    z0_max      pt_sum  is_noise\n",
       "label                                          \n",
       "0     -3.164062 -1.406250  142.023392         0\n",
       "6     -3.808594 -3.398438  104.907082         0\n",
       "4     -0.117188  0.410156   51.442478         0\n",
       "3     -0.585938 -0.292969   17.673368         0\n",
       "11     3.457031  3.632812   17.044699         0\n",
       "1      2.812500  3.105469   14.746803         0\n",
       "2     -4.218750 -4.042969   13.367491         0\n",
       "15     0.878906  1.054688    9.260561         0\n",
       "14     5.742188  5.859375    8.528573         0\n",
       "8     -1.054688 -0.937500    8.141763         0\n",
       "7     -5.625000 -5.507812    7.957811         0\n",
       "19     2.460938  2.519531    7.425566         0\n",
       "13     1.992188  2.109375    6.752706         0\n",
       "5      3.867188  3.867188    6.423915         0\n",
       "12     6.503906  6.621094    6.150181         0\n",
       "9      1.289062  1.347656    5.256238         0\n",
       "10    -4.921875 -4.921875    4.852124         0\n",
       "16     0.585938  0.644531    4.706585         0\n",
       "18     1.640625  1.699219    4.665102         0\n",
       "17     5.273438  5.390625    4.282117         0\n",
       "20    -9.199219 -9.199219    2.812771         1\n",
       "27     4.042969  4.042969    2.748021         1\n",
       "23    -5.097656 -5.097656    2.698591         1\n",
       "21    -8.261719 -8.261719    2.654077         1\n",
       "28     5.097656  5.097656    2.542250         1\n",
       "22    -6.093750 -6.093750    2.223069         1\n",
       "26     2.285156  2.285156    2.199723         1\n",
       "25    -0.761719 -0.761719    2.089986         1\n",
       "29     7.031250  7.031250    2.060123         1\n",
       "24    -4.687500 -4.687500    1.958026         1"
      ]
     },
     "execution_count": 22,
     "metadata": {},
     "output_type": "execute_result"
    }
   ],
   "source": [
    "clusters"
   ]
  },
  {
   "cell_type": "code",
   "execution_count": 23,
   "metadata": {},
   "outputs": [],
   "source": [
    "clusters.to_pickle(\"real_clusters.pkl\")"
   ]
  },
  {
   "cell_type": "code",
   "execution_count": 21,
   "metadata": {},
   "outputs": [
    {
     "data": {
      "text/html": [
       "<div>\n",
       "<style scoped>\n",
       "    .dataframe tbody tr th:only-of-type {\n",
       "        vertical-align: middle;\n",
       "    }\n",
       "\n",
       "    .dataframe tbody tr th {\n",
       "        vertical-align: top;\n",
       "    }\n",
       "\n",
       "    .dataframe thead th {\n",
       "        text-align: right;\n",
       "    }\n",
       "</style>\n",
       "<table border=\"1\" class=\"dataframe\">\n",
       "  <thead>\n",
       "    <tr style=\"text-align: right;\">\n",
       "      <th></th>\n",
       "      <th>z0_min</th>\n",
       "      <th>z0_max</th>\n",
       "      <th>pt_sum</th>\n",
       "      <th>is_noise</th>\n",
       "    </tr>\n",
       "    <tr>\n",
       "      <th>label</th>\n",
       "      <th></th>\n",
       "      <th></th>\n",
       "      <th></th>\n",
       "      <th></th>\n",
       "    </tr>\n",
       "  </thead>\n",
       "  <tbody>\n",
       "    <tr>\n",
       "      <th>20</th>\n",
       "      <td>-9.199219</td>\n",
       "      <td>-9.199219</td>\n",
       "      <td>2.812771</td>\n",
       "      <td>1</td>\n",
       "    </tr>\n",
       "    <tr>\n",
       "      <th>21</th>\n",
       "      <td>-8.261719</td>\n",
       "      <td>-8.261719</td>\n",
       "      <td>2.654077</td>\n",
       "      <td>1</td>\n",
       "    </tr>\n",
       "    <tr>\n",
       "      <th>22</th>\n",
       "      <td>-6.093750</td>\n",
       "      <td>-6.093750</td>\n",
       "      <td>2.223069</td>\n",
       "      <td>1</td>\n",
       "    </tr>\n",
       "    <tr>\n",
       "      <th>7</th>\n",
       "      <td>-5.625000</td>\n",
       "      <td>-5.507812</td>\n",
       "      <td>7.957811</td>\n",
       "      <td>0</td>\n",
       "    </tr>\n",
       "    <tr>\n",
       "      <th>23</th>\n",
       "      <td>-5.097656</td>\n",
       "      <td>-5.097656</td>\n",
       "      <td>2.698591</td>\n",
       "      <td>1</td>\n",
       "    </tr>\n",
       "    <tr>\n",
       "      <th>10</th>\n",
       "      <td>-4.921875</td>\n",
       "      <td>-4.921875</td>\n",
       "      <td>4.852124</td>\n",
       "      <td>0</td>\n",
       "    </tr>\n",
       "    <tr>\n",
       "      <th>24</th>\n",
       "      <td>-4.687500</td>\n",
       "      <td>-4.687500</td>\n",
       "      <td>1.958026</td>\n",
       "      <td>1</td>\n",
       "    </tr>\n",
       "    <tr>\n",
       "      <th>2</th>\n",
       "      <td>-4.218750</td>\n",
       "      <td>-4.042969</td>\n",
       "      <td>13.367491</td>\n",
       "      <td>0</td>\n",
       "    </tr>\n",
       "    <tr>\n",
       "      <th>6</th>\n",
       "      <td>-3.808594</td>\n",
       "      <td>-3.398438</td>\n",
       "      <td>104.907082</td>\n",
       "      <td>0</td>\n",
       "    </tr>\n",
       "    <tr>\n",
       "      <th>0</th>\n",
       "      <td>-3.164062</td>\n",
       "      <td>-1.406250</td>\n",
       "      <td>142.023392</td>\n",
       "      <td>0</td>\n",
       "    </tr>\n",
       "    <tr>\n",
       "      <th>8</th>\n",
       "      <td>-1.054688</td>\n",
       "      <td>-0.937500</td>\n",
       "      <td>8.141763</td>\n",
       "      <td>0</td>\n",
       "    </tr>\n",
       "    <tr>\n",
       "      <th>25</th>\n",
       "      <td>-0.761719</td>\n",
       "      <td>-0.761719</td>\n",
       "      <td>2.089986</td>\n",
       "      <td>1</td>\n",
       "    </tr>\n",
       "    <tr>\n",
       "      <th>3</th>\n",
       "      <td>-0.585938</td>\n",
       "      <td>-0.292969</td>\n",
       "      <td>17.673368</td>\n",
       "      <td>0</td>\n",
       "    </tr>\n",
       "    <tr>\n",
       "      <th>4</th>\n",
       "      <td>-0.117188</td>\n",
       "      <td>0.410156</td>\n",
       "      <td>51.442478</td>\n",
       "      <td>0</td>\n",
       "    </tr>\n",
       "    <tr>\n",
       "      <th>16</th>\n",
       "      <td>0.585938</td>\n",
       "      <td>0.644531</td>\n",
       "      <td>4.706585</td>\n",
       "      <td>0</td>\n",
       "    </tr>\n",
       "    <tr>\n",
       "      <th>15</th>\n",
       "      <td>0.878906</td>\n",
       "      <td>1.054688</td>\n",
       "      <td>9.260561</td>\n",
       "      <td>0</td>\n",
       "    </tr>\n",
       "    <tr>\n",
       "      <th>9</th>\n",
       "      <td>1.289062</td>\n",
       "      <td>1.347656</td>\n",
       "      <td>5.256238</td>\n",
       "      <td>0</td>\n",
       "    </tr>\n",
       "    <tr>\n",
       "      <th>18</th>\n",
       "      <td>1.640625</td>\n",
       "      <td>1.699219</td>\n",
       "      <td>4.665102</td>\n",
       "      <td>0</td>\n",
       "    </tr>\n",
       "    <tr>\n",
       "      <th>13</th>\n",
       "      <td>1.992188</td>\n",
       "      <td>2.109375</td>\n",
       "      <td>6.752706</td>\n",
       "      <td>0</td>\n",
       "    </tr>\n",
       "    <tr>\n",
       "      <th>26</th>\n",
       "      <td>2.285156</td>\n",
       "      <td>2.285156</td>\n",
       "      <td>2.199723</td>\n",
       "      <td>1</td>\n",
       "    </tr>\n",
       "    <tr>\n",
       "      <th>19</th>\n",
       "      <td>2.460938</td>\n",
       "      <td>2.519531</td>\n",
       "      <td>7.425566</td>\n",
       "      <td>0</td>\n",
       "    </tr>\n",
       "    <tr>\n",
       "      <th>1</th>\n",
       "      <td>2.812500</td>\n",
       "      <td>3.105469</td>\n",
       "      <td>14.746803</td>\n",
       "      <td>0</td>\n",
       "    </tr>\n",
       "    <tr>\n",
       "      <th>11</th>\n",
       "      <td>3.457031</td>\n",
       "      <td>3.632812</td>\n",
       "      <td>17.044699</td>\n",
       "      <td>0</td>\n",
       "    </tr>\n",
       "    <tr>\n",
       "      <th>5</th>\n",
       "      <td>3.867188</td>\n",
       "      <td>3.867188</td>\n",
       "      <td>6.423915</td>\n",
       "      <td>0</td>\n",
       "    </tr>\n",
       "    <tr>\n",
       "      <th>27</th>\n",
       "      <td>4.042969</td>\n",
       "      <td>4.042969</td>\n",
       "      <td>2.748021</td>\n",
       "      <td>1</td>\n",
       "    </tr>\n",
       "    <tr>\n",
       "      <th>28</th>\n",
       "      <td>5.097656</td>\n",
       "      <td>5.097656</td>\n",
       "      <td>2.542250</td>\n",
       "      <td>1</td>\n",
       "    </tr>\n",
       "    <tr>\n",
       "      <th>17</th>\n",
       "      <td>5.273438</td>\n",
       "      <td>5.390625</td>\n",
       "      <td>4.282117</td>\n",
       "      <td>0</td>\n",
       "    </tr>\n",
       "    <tr>\n",
       "      <th>14</th>\n",
       "      <td>5.742188</td>\n",
       "      <td>5.859375</td>\n",
       "      <td>8.528573</td>\n",
       "      <td>0</td>\n",
       "    </tr>\n",
       "    <tr>\n",
       "      <th>12</th>\n",
       "      <td>6.503906</td>\n",
       "      <td>6.621094</td>\n",
       "      <td>6.150181</td>\n",
       "      <td>0</td>\n",
       "    </tr>\n",
       "    <tr>\n",
       "      <th>29</th>\n",
       "      <td>7.031250</td>\n",
       "      <td>7.031250</td>\n",
       "      <td>2.060123</td>\n",
       "      <td>1</td>\n",
       "    </tr>\n",
       "  </tbody>\n",
       "</table>\n",
       "</div>"
      ],
      "text/plain": [
       "         z0_min    z0_max      pt_sum  is_noise\n",
       "label                                          \n",
       "20    -9.199219 -9.199219    2.812771         1\n",
       "21    -8.261719 -8.261719    2.654077         1\n",
       "22    -6.093750 -6.093750    2.223069         1\n",
       "7     -5.625000 -5.507812    7.957811         0\n",
       "23    -5.097656 -5.097656    2.698591         1\n",
       "10    -4.921875 -4.921875    4.852124         0\n",
       "24    -4.687500 -4.687500    1.958026         1\n",
       "2     -4.218750 -4.042969   13.367491         0\n",
       "6     -3.808594 -3.398438  104.907082         0\n",
       "0     -3.164062 -1.406250  142.023392         0\n",
       "8     -1.054688 -0.937500    8.141763         0\n",
       "25    -0.761719 -0.761719    2.089986         1\n",
       "3     -0.585938 -0.292969   17.673368         0\n",
       "4     -0.117188  0.410156   51.442478         0\n",
       "16     0.585938  0.644531    4.706585         0\n",
       "15     0.878906  1.054688    9.260561         0\n",
       "9      1.289062  1.347656    5.256238         0\n",
       "18     1.640625  1.699219    4.665102         0\n",
       "13     1.992188  2.109375    6.752706         0\n",
       "26     2.285156  2.285156    2.199723         1\n",
       "19     2.460938  2.519531    7.425566         0\n",
       "1      2.812500  3.105469   14.746803         0\n",
       "11     3.457031  3.632812   17.044699         0\n",
       "5      3.867188  3.867188    6.423915         0\n",
       "27     4.042969  4.042969    2.748021         1\n",
       "28     5.097656  5.097656    2.542250         1\n",
       "17     5.273438  5.390625    4.282117         0\n",
       "14     5.742188  5.859375    8.528573         0\n",
       "12     6.503906  6.621094    6.150181         0\n",
       "29     7.031250  7.031250    2.060123         1"
      ]
     },
     "execution_count": 21,
     "metadata": {},
     "output_type": "execute_result"
    }
   ],
   "source": [
    "clusters.sort_values(by=\"z0_min\")"
   ]
  },
  {
   "cell_type": "code",
   "execution_count": 33,
   "metadata": {},
   "outputs": [],
   "source": [
    "from acceleratedDBSCAN import AccDBSCAN"
   ]
  },
  {
   "cell_type": "code",
   "execution_count": 35,
   "metadata": {},
   "outputs": [
    {
     "name": "stdout",
     "output_type": "stream",
     "text": [
      "tracks built\n",
      "(232, 3)\n",
      "(256,)\n",
      "prefix sum done\n",
      "data initialized...\n",
      "left boundaries found...\n",
      "right boundaries found...\n",
      "vertices found...\n",
      "scan complete.\n"
     ]
    }
   ],
   "source": [
    "db = AccDBSCAN(z0, pt, 0.15, 232, verbose=True, debug=True)\n",
    "db.fit()"
   ]
  },
  {
   "cell_type": "code",
   "execution_count": 36,
   "metadata": {},
   "outputs": [],
   "source": [
    "left_boundaries = pd.read_csv(\"left_boundaries.csv\")"
   ]
  },
  {
   "cell_type": "code",
   "execution_count": 52,
   "metadata": {},
   "outputs": [],
   "source": [
    "bound = pd.read_csv(\"boundaries.csv\")\n",
    "bound.drop(columns=[\"Unnamed: 0\"], inplace=True)"
   ]
  },
  {
   "cell_type": "code",
   "execution_count": 53,
   "metadata": {},
   "outputs": [],
   "source": [
    "bound.sort_values(by=\"idx\", inplace=True)"
   ]
  },
  {
   "cell_type": "code",
   "execution_count": 55,
   "metadata": {},
   "outputs": [
    {
     "data": {
      "text/html": [
       "<div>\n",
       "<style scoped>\n",
       "    .dataframe tbody tr th:only-of-type {\n",
       "        vertical-align: middle;\n",
       "    }\n",
       "\n",
       "    .dataframe tbody tr th {\n",
       "        vertical-align: top;\n",
       "    }\n",
       "\n",
       "    .dataframe thead th {\n",
       "        text-align: right;\n",
       "    }\n",
       "</style>\n",
       "<table border=\"1\" class=\"dataframe\">\n",
       "  <thead>\n",
       "    <tr style=\"text-align: right;\">\n",
       "      <th></th>\n",
       "      <th>idx</th>\n",
       "      <th>pts</th>\n",
       "      <th>nextPts</th>\n",
       "      <th>diff</th>\n",
       "      <th>z0_min</th>\n",
       "      <th>z0_max</th>\n",
       "    </tr>\n",
       "  </thead>\n",
       "  <tbody>\n",
       "    <tr>\n",
       "      <th>3</th>\n",
       "      <td>3.0</td>\n",
       "      <td>7.689916</td>\n",
       "      <td>12.516875</td>\n",
       "      <td>4.826959</td>\n",
       "      <td>-5.625000</td>\n",
       "      <td>-5.507812</td>\n",
       "    </tr>\n",
       "    <tr>\n",
       "      <th>4</th>\n",
       "      <td>4.0</td>\n",
       "      <td>12.516875</td>\n",
       "      <td>15.647728</td>\n",
       "      <td>3.130853</td>\n",
       "      <td>-5.507812</td>\n",
       "      <td>-5.097656</td>\n",
       "    </tr>\n",
       "    <tr>\n",
       "      <th>6</th>\n",
       "      <td>6.0</td>\n",
       "      <td>18.346319</td>\n",
       "      <td>20.305036</td>\n",
       "      <td>1.958716</td>\n",
       "      <td>-4.921875</td>\n",
       "      <td>-4.921875</td>\n",
       "    </tr>\n",
       "    <tr>\n",
       "      <th>7</th>\n",
       "      <td>7.0</td>\n",
       "      <td>20.305036</td>\n",
       "      <td>23.198443</td>\n",
       "      <td>2.893408</td>\n",
       "      <td>-4.921875</td>\n",
       "      <td>-4.687500</td>\n",
       "    </tr>\n",
       "    <tr>\n",
       "      <th>9</th>\n",
       "      <td>9.0</td>\n",
       "      <td>25.156469</td>\n",
       "      <td>29.242595</td>\n",
       "      <td>4.086126</td>\n",
       "      <td>-4.218750</td>\n",
       "      <td>-4.218750</td>\n",
       "    </tr>\n",
       "    <tr>\n",
       "      <th>13</th>\n",
       "      <td>13.0</td>\n",
       "      <td>36.312845</td>\n",
       "      <td>38.523960</td>\n",
       "      <td>2.211114</td>\n",
       "      <td>-4.042969</td>\n",
       "      <td>-3.808594</td>\n",
       "    </tr>\n",
       "    <tr>\n",
       "      <th>14</th>\n",
       "      <td>14.0</td>\n",
       "      <td>38.523960</td>\n",
       "      <td>43.745975</td>\n",
       "      <td>5.222015</td>\n",
       "      <td>-3.808594</td>\n",
       "      <td>-3.750000</td>\n",
       "    </tr>\n",
       "    <tr>\n",
       "      <th>29</th>\n",
       "      <td>29.0</td>\n",
       "      <td>138.714811</td>\n",
       "      <td>143.431041</td>\n",
       "      <td>4.716230</td>\n",
       "      <td>-3.398438</td>\n",
       "      <td>-3.164062</td>\n",
       "    </tr>\n",
       "    <tr>\n",
       "      <th>30</th>\n",
       "      <td>30.0</td>\n",
       "      <td>143.431041</td>\n",
       "      <td>146.662125</td>\n",
       "      <td>3.231084</td>\n",
       "      <td>-3.164062</td>\n",
       "      <td>-3.105469</td>\n",
       "    </tr>\n",
       "    <tr>\n",
       "      <th>72</th>\n",
       "      <td>72.0</td>\n",
       "      <td>282.996068</td>\n",
       "      <td>285.454440</td>\n",
       "      <td>2.458371</td>\n",
       "      <td>-1.406250</td>\n",
       "      <td>-1.054688</td>\n",
       "    </tr>\n",
       "    <tr>\n",
       "      <th>73</th>\n",
       "      <td>73.0</td>\n",
       "      <td>285.454440</td>\n",
       "      <td>287.657218</td>\n",
       "      <td>2.202779</td>\n",
       "      <td>-1.054688</td>\n",
       "      <td>-0.996094</td>\n",
       "    </tr>\n",
       "    <tr>\n",
       "      <th>75</th>\n",
       "      <td>75.0</td>\n",
       "      <td>290.700531</td>\n",
       "      <td>293.596203</td>\n",
       "      <td>2.895672</td>\n",
       "      <td>-0.937500</td>\n",
       "      <td>-0.761719</td>\n",
       "    </tr>\n",
       "    <tr>\n",
       "      <th>77</th>\n",
       "      <td>77.0</td>\n",
       "      <td>295.686188</td>\n",
       "      <td>298.199091</td>\n",
       "      <td>2.512903</td>\n",
       "      <td>-0.585938</td>\n",
       "      <td>-0.585938</td>\n",
       "    </tr>\n",
       "    <tr>\n",
       "      <th>82</th>\n",
       "      <td>82.0</td>\n",
       "      <td>311.209255</td>\n",
       "      <td>313.359557</td>\n",
       "      <td>2.150301</td>\n",
       "      <td>-0.292969</td>\n",
       "      <td>-0.117188</td>\n",
       "    </tr>\n",
       "    <tr>\n",
       "      <th>83</th>\n",
       "      <td>83.0</td>\n",
       "      <td>313.359557</td>\n",
       "      <td>315.318273</td>\n",
       "      <td>1.958716</td>\n",
       "      <td>-0.117188</td>\n",
       "      <td>-0.058594</td>\n",
       "    </tr>\n",
       "    <tr>\n",
       "      <th>102</th>\n",
       "      <td>102.0</td>\n",
       "      <td>362.382244</td>\n",
       "      <td>364.802036</td>\n",
       "      <td>2.419792</td>\n",
       "      <td>0.410156</td>\n",
       "      <td>0.585938</td>\n",
       "    </tr>\n",
       "    <tr>\n",
       "      <th>103</th>\n",
       "      <td>103.0</td>\n",
       "      <td>364.802036</td>\n",
       "      <td>367.408752</td>\n",
       "      <td>2.606716</td>\n",
       "      <td>0.585938</td>\n",
       "      <td>0.644531</td>\n",
       "    </tr>\n",
       "    <tr>\n",
       "      <th>104</th>\n",
       "      <td>104.0</td>\n",
       "      <td>367.408752</td>\n",
       "      <td>369.508621</td>\n",
       "      <td>2.099869</td>\n",
       "      <td>0.644531</td>\n",
       "      <td>0.878906</td>\n",
       "    </tr>\n",
       "    <tr>\n",
       "      <th>105</th>\n",
       "      <td>105.0</td>\n",
       "      <td>369.508621</td>\n",
       "      <td>374.377921</td>\n",
       "      <td>4.869300</td>\n",
       "      <td>0.878906</td>\n",
       "      <td>0.996094</td>\n",
       "    </tr>\n",
       "    <tr>\n",
       "      <th>107</th>\n",
       "      <td>107.0</td>\n",
       "      <td>376.564216</td>\n",
       "      <td>378.769182</td>\n",
       "      <td>2.204966</td>\n",
       "      <td>1.054688</td>\n",
       "      <td>1.289062</td>\n",
       "    </tr>\n",
       "    <tr>\n",
       "      <th>108</th>\n",
       "      <td>108.0</td>\n",
       "      <td>378.769182</td>\n",
       "      <td>381.232463</td>\n",
       "      <td>2.463280</td>\n",
       "      <td>1.289062</td>\n",
       "      <td>1.347656</td>\n",
       "    </tr>\n",
       "    <tr>\n",
       "      <th>109</th>\n",
       "      <td>109.0</td>\n",
       "      <td>381.232463</td>\n",
       "      <td>384.025420</td>\n",
       "      <td>2.792957</td>\n",
       "      <td>1.347656</td>\n",
       "      <td>1.640625</td>\n",
       "    </tr>\n",
       "    <tr>\n",
       "      <th>110</th>\n",
       "      <td>110.0</td>\n",
       "      <td>384.025420</td>\n",
       "      <td>386.704475</td>\n",
       "      <td>2.679055</td>\n",
       "      <td>1.640625</td>\n",
       "      <td>1.699219</td>\n",
       "    </tr>\n",
       "    <tr>\n",
       "      <th>111</th>\n",
       "      <td>111.0</td>\n",
       "      <td>386.704475</td>\n",
       "      <td>388.690523</td>\n",
       "      <td>1.986047</td>\n",
       "      <td>1.699219</td>\n",
       "      <td>1.992188</td>\n",
       "    </tr>\n",
       "    <tr>\n",
       "      <th>112</th>\n",
       "      <td>112.0</td>\n",
       "      <td>388.690523</td>\n",
       "      <td>390.641323</td>\n",
       "      <td>1.950800</td>\n",
       "      <td>1.992188</td>\n",
       "      <td>2.109375</td>\n",
       "    </tr>\n",
       "    <tr>\n",
       "      <th>113</th>\n",
       "      <td>113.0</td>\n",
       "      <td>390.641323</td>\n",
       "      <td>395.443228</td>\n",
       "      <td>4.801905</td>\n",
       "      <td>2.109375</td>\n",
       "      <td>2.285156</td>\n",
       "    </tr>\n",
       "    <tr>\n",
       "      <th>115</th>\n",
       "      <td>115.0</td>\n",
       "      <td>397.642952</td>\n",
       "      <td>400.875918</td>\n",
       "      <td>3.232966</td>\n",
       "      <td>2.460938</td>\n",
       "      <td>2.519531</td>\n",
       "    </tr>\n",
       "    <tr>\n",
       "      <th>116</th>\n",
       "      <td>116.0</td>\n",
       "      <td>400.875918</td>\n",
       "      <td>405.068518</td>\n",
       "      <td>4.192600</td>\n",
       "      <td>2.519531</td>\n",
       "      <td>2.812500</td>\n",
       "    </tr>\n",
       "    <tr>\n",
       "      <th>117</th>\n",
       "      <td>117.0</td>\n",
       "      <td>405.068518</td>\n",
       "      <td>408.256001</td>\n",
       "      <td>3.187484</td>\n",
       "      <td>2.812500</td>\n",
       "      <td>2.929688</td>\n",
       "    </tr>\n",
       "    <tr>\n",
       "      <th>121</th>\n",
       "      <td>121.0</td>\n",
       "      <td>415.744179</td>\n",
       "      <td>419.815321</td>\n",
       "      <td>4.071142</td>\n",
       "      <td>3.105469</td>\n",
       "      <td>3.457031</td>\n",
       "    </tr>\n",
       "    <tr>\n",
       "      <th>122</th>\n",
       "      <td>122.0</td>\n",
       "      <td>419.815321</td>\n",
       "      <td>426.126865</td>\n",
       "      <td>6.311543</td>\n",
       "      <td>3.457031</td>\n",
       "      <td>3.574219</td>\n",
       "    </tr>\n",
       "    <tr>\n",
       "      <th>125</th>\n",
       "      <td>125.0</td>\n",
       "      <td>432.575186</td>\n",
       "      <td>436.860021</td>\n",
       "      <td>4.284834</td>\n",
       "      <td>3.632812</td>\n",
       "      <td>3.867188</td>\n",
       "    </tr>\n",
       "    <tr>\n",
       "      <th>126</th>\n",
       "      <td>126.0</td>\n",
       "      <td>436.860021</td>\n",
       "      <td>441.108778</td>\n",
       "      <td>4.248758</td>\n",
       "      <td>3.867188</td>\n",
       "      <td>3.867188</td>\n",
       "    </tr>\n",
       "    <tr>\n",
       "      <th>127</th>\n",
       "      <td>127.0</td>\n",
       "      <td>441.108778</td>\n",
       "      <td>443.283936</td>\n",
       "      <td>2.175158</td>\n",
       "      <td>3.867188</td>\n",
       "      <td>4.042969</td>\n",
       "    </tr>\n",
       "    <tr>\n",
       "      <th>130</th>\n",
       "      <td>130.0</td>\n",
       "      <td>448.574207</td>\n",
       "      <td>450.605309</td>\n",
       "      <td>2.031102</td>\n",
       "      <td>5.273438</td>\n",
       "      <td>5.390625</td>\n",
       "    </tr>\n",
       "    <tr>\n",
       "      <th>131</th>\n",
       "      <td>131.0</td>\n",
       "      <td>450.605309</td>\n",
       "      <td>452.856323</td>\n",
       "      <td>2.251015</td>\n",
       "      <td>5.390625</td>\n",
       "      <td>5.742188</td>\n",
       "    </tr>\n",
       "    <tr>\n",
       "      <th>132</th>\n",
       "      <td>132.0</td>\n",
       "      <td>452.856323</td>\n",
       "      <td>455.166834</td>\n",
       "      <td>2.310511</td>\n",
       "      <td>5.742188</td>\n",
       "      <td>5.800781</td>\n",
       "    </tr>\n",
       "    <tr>\n",
       "      <th>134</th>\n",
       "      <td>134.0</td>\n",
       "      <td>458.221031</td>\n",
       "      <td>461.384897</td>\n",
       "      <td>3.163866</td>\n",
       "      <td>5.859375</td>\n",
       "      <td>6.503906</td>\n",
       "    </tr>\n",
       "    <tr>\n",
       "      <th>135</th>\n",
       "      <td>135.0</td>\n",
       "      <td>461.384897</td>\n",
       "      <td>463.462756</td>\n",
       "      <td>2.077860</td>\n",
       "      <td>6.503906</td>\n",
       "      <td>6.562500</td>\n",
       "    </tr>\n",
       "    <tr>\n",
       "      <th>137</th>\n",
       "      <td>137.0</td>\n",
       "      <td>465.459161</td>\n",
       "      <td>467.535078</td>\n",
       "      <td>2.075917</td>\n",
       "      <td>6.621094</td>\n",
       "      <td>7.031250</td>\n",
       "    </tr>\n",
       "    <tr>\n",
       "      <th>139</th>\n",
       "      <td>139.0</td>\n",
       "      <td>469.595201</td>\n",
       "      <td>469.595201</td>\n",
       "      <td>0.000000</td>\n",
       "      <td>21.000000</td>\n",
       "      <td>21.000000</td>\n",
       "    </tr>\n",
       "    <tr>\n",
       "      <th>231</th>\n",
       "      <td>231.0</td>\n",
       "      <td>469.595201</td>\n",
       "      <td>469.595201</td>\n",
       "      <td>0.000000</td>\n",
       "      <td>0.000000</td>\n",
       "      <td>0.000000</td>\n",
       "    </tr>\n",
       "  </tbody>\n",
       "</table>\n",
       "</div>"
      ],
      "text/plain": [
       "       idx         pts     nextPts      diff     z0_min     z0_max\n",
       "3      3.0    7.689916   12.516875  4.826959  -5.625000  -5.507812\n",
       "4      4.0   12.516875   15.647728  3.130853  -5.507812  -5.097656\n",
       "6      6.0   18.346319   20.305036  1.958716  -4.921875  -4.921875\n",
       "7      7.0   20.305036   23.198443  2.893408  -4.921875  -4.687500\n",
       "9      9.0   25.156469   29.242595  4.086126  -4.218750  -4.218750\n",
       "13    13.0   36.312845   38.523960  2.211114  -4.042969  -3.808594\n",
       "14    14.0   38.523960   43.745975  5.222015  -3.808594  -3.750000\n",
       "29    29.0  138.714811  143.431041  4.716230  -3.398438  -3.164062\n",
       "30    30.0  143.431041  146.662125  3.231084  -3.164062  -3.105469\n",
       "72    72.0  282.996068  285.454440  2.458371  -1.406250  -1.054688\n",
       "73    73.0  285.454440  287.657218  2.202779  -1.054688  -0.996094\n",
       "75    75.0  290.700531  293.596203  2.895672  -0.937500  -0.761719\n",
       "77    77.0  295.686188  298.199091  2.512903  -0.585938  -0.585938\n",
       "82    82.0  311.209255  313.359557  2.150301  -0.292969  -0.117188\n",
       "83    83.0  313.359557  315.318273  1.958716  -0.117188  -0.058594\n",
       "102  102.0  362.382244  364.802036  2.419792   0.410156   0.585938\n",
       "103  103.0  364.802036  367.408752  2.606716   0.585938   0.644531\n",
       "104  104.0  367.408752  369.508621  2.099869   0.644531   0.878906\n",
       "105  105.0  369.508621  374.377921  4.869300   0.878906   0.996094\n",
       "107  107.0  376.564216  378.769182  2.204966   1.054688   1.289062\n",
       "108  108.0  378.769182  381.232463  2.463280   1.289062   1.347656\n",
       "109  109.0  381.232463  384.025420  2.792957   1.347656   1.640625\n",
