{
 "cells": [
  {
   "cell_type": "code",
   "execution_count": 1,
   "metadata": {},
   "outputs": [],
   "source": [
    "%load_ext lab_black"
   ]
  },
  {
   "cell_type": "code",
   "execution_count": 9,
   "metadata": {},
   "outputs": [],
   "source": [
    "import numpy as np\n",
    "import math\n",
    "import pandas as pd\n",
    "import itertools\n",
    "import copy\n",
    "from sklearn.cluster import DBSCAN"
   ]
  },
  {
   "cell_type": "code",
   "execution_count": 3,
   "metadata": {},
   "outputs": [],
   "source": [
    "from random import choice"
   ]
  },
  {
   "cell_type": "code",
   "execution_count": 4,
   "metadata": {},
   "outputs": [],
   "source": [
    "np.random.seed(42)"
   ]
  },
  {
   "cell_type": "markdown",
   "metadata": {},
   "source": []
  },
  {
   "cell_type": "markdown",
   "metadata": {
    "tags": []
   },
   "source": [
    "### Constants and Data Loading"
   ]
  },
  {
   "cell_type": "code",
   "execution_count": 5,
   "metadata": {},
   "outputs": [],
   "source": [
    "np.set_printoptions(precision=2)\n",
    "np.set_printoptions(suppress=True)"
   ]
  },
  {
   "cell_type": "code",
   "execution_count": 6,
   "metadata": {},
   "outputs": [],
   "source": [
    "max_number_of_tracks = 232\n",
    "max_number_of_tracks_power_2 = 256\n",
    "max_number_of_tracks_log_2 = 8\n",
    "batch_size = 50\n",
    "eps = 0.15\n",
    "\n",
    "z0_file = \"/media/lucas/QS/binaries-trk/OldKF_TTbar_170K_quality-1-trk-z0.bin\"\n",
    "pt_file = \"/media/lucas/QS/binaries-trk/OldKF_TTbar_170K_quality-1-trk-pt.bin\"\n",
    "z0 = np.fromfile(z0_file, dtype=np.float32)\n",
    "pt = np.fromfile(pt_file, dtype=np.float32)"
   ]
  },
  {
   "cell_type": "code",
   "execution_count": 7,
   "metadata": {},
   "outputs": [],
   "source": [
    "df = pd.DataFrame({\"z0\": z0, \"pt\": pt})"
   ]
  },
  {
   "cell_type": "code",
   "execution_count": null,
   "metadata": {},
   "outputs": [],
   "source": []
  },
  {
   "cell_type": "markdown",
   "metadata": {},
   "source": [
    "### Regular DBSCAN"
   ]
  },
  {
   "cell_type": "code",
   "execution_count": 8,
   "metadata": {},
   "outputs": [],
   "source": [
    "db = DBSCAN(eps=0.15, min_samples=2).fit(df.z0.values.reshape(-1, 1))"
   ]
  },
  {
   "cell_type": "code",
   "execution_count": 9,
   "metadata": {},
   "outputs": [],
   "source": [
    "df[\"label\"] = db.labels_"
   ]
  },
  {
   "cell_type": "code",
   "execution_count": 11,
   "metadata": {},
   "outputs": [],
   "source": [
    "df.sort_values(by=\"z0\", inplace=True)"
   ]
  },
  {
   "cell_type": "code",
   "execution_count": 13,
   "metadata": {},
   "outputs": [],
   "source": [
    "df.reset_index(drop=True, inplace=True)"
   ]
  },
  {
   "cell_type": "code",
   "execution_count": 15,
   "metadata": {},
   "outputs": [],
   "source": [
    "pd.set_option(\"display.max_rows\", None)"
   ]
  },
  {
   "cell_type": "code",
   "execution_count": 17,
   "metadata": {},
   "outputs": [],
   "source": [
    "df[\"is_noise\"] = 0\n",
    "df.loc[df.label == -1, \"is_noise\"] = 1"
   ]
  },
  {
   "cell_type": "code",
   "execution_count": 19,
   "metadata": {},
   "outputs": [],
   "source": [
    "n_noise = df[\"is_noise\"].sum()"
   ]
  },
  {
   "cell_type": "code",
   "execution_count": 21,
   "metadata": {},
   "outputs": [],
   "source": [
    "max_label = df.label.max()"
   ]
  },
  {
   "cell_type": "code",
   "execution_count": 23,
   "metadata": {},
   "outputs": [],
   "source": [
    "df.loc[df.label == -1, \"label\"] = np.arange(n_noise) + max_label + 1"
   ]
  },
  {
   "cell_type": "code",
   "execution_count": 41,
   "metadata": {},
   "outputs": [],
   "source": [
    "clusters = df.groupby([\"label\"]).agg({\"z0\": [min, max], \"pt\": [sum], \"is_noise\": [sum]})\n",
    "clusters.columns = [\"z0_min\", \"z0_max\", \"pt_sum\", \"is_noise\"]"
   ]
  },
  {
   "cell_type": "code",
   "execution_count": 42,
   "metadata": {},
   "outputs": [],
   "source": [
    "clusters.sort_values(by=\"pt_sum\", inplace=True, ascending=False)"
   ]
  },
  {
   "cell_type": "code",
   "execution_count": 43,
   "metadata": {},
   "outputs": [
    {
     "data": {
      "text/html": [
       "<div>\n",
       "<style scoped>\n",
       "    .dataframe tbody tr th:only-of-type {\n",
       "        vertical-align: middle;\n",
       "    }\n",
       "\n",
       "    .dataframe tbody tr th {\n",
       "        vertical-align: top;\n",
       "    }\n",
       "\n",
       "    .dataframe thead th {\n",
       "        text-align: right;\n",
       "    }\n",
       "</style>\n",
       "<table border=\"1\" class=\"dataframe\">\n",
       "  <thead>\n",
       "    <tr style=\"text-align: right;\">\n",
       "      <th></th>\n",
       "      <th>z0_min</th>\n",
       "      <th>z0_max</th>\n",
       "      <th>pt_sum</th>\n",
       "      <th>is_noise</th>\n",
       "    </tr>\n",
       "    <tr>\n",
       "      <th>label</th>\n",
       "      <th></th>\n",
       "      <th></th>\n",
       "      <th></th>\n",
       "      <th></th>\n",
       "    </tr>\n",
       "  </thead>\n",
       "  <tbody>\n",
       "    <tr>\n",
       "      <th>0</th>\n",
       "      <td>-3.164062</td>\n",
       "      <td>-1.406250</td>\n",
       "      <td>142.023392</td>\n",
       "      <td>0</td>\n",
       "    </tr>\n",
       "    <tr>\n",
       "      <th>6</th>\n",
       "      <td>-3.808594</td>\n",
       "      <td>-3.398438</td>\n",
       "      <td>104.907082</td>\n",
       "      <td>0</td>\n",
       "    </tr>\n",
       "    <tr>\n",
       "      <th>4</th>\n",
       "      <td>-0.117188</td>\n",
       "      <td>0.410156</td>\n",
       "      <td>51.442478</td>\n",
       "      <td>0</td>\n",
       "    </tr>\n",
       "    <tr>\n",
       "      <th>3</th>\n",
       "      <td>-0.585938</td>\n",
       "      <td>-0.292969</td>\n",
       "      <td>17.673368</td>\n",
       "      <td>0</td>\n",
       "    </tr>\n",
       "    <tr>\n",
       "      <th>11</th>\n",
       "      <td>3.457031</td>\n",
       "      <td>3.632812</td>\n",
       "      <td>17.044699</td>\n",
       "      <td>0</td>\n",
       "    </tr>\n",
       "    <tr>\n",
       "      <th>1</th>\n",
       "      <td>2.812500</td>\n",
       "      <td>3.105469</td>\n",
       "      <td>14.746803</td>\n",
       "      <td>0</td>\n",
       "    </tr>\n",
       "    <tr>\n",
       "      <th>2</th>\n",
       "      <td>-4.218750</td>\n",
       "      <td>-4.042969</td>\n",
       "      <td>13.367491</td>\n",
       "      <td>0</td>\n",
       "    </tr>\n",
       "    <tr>\n",
       "      <th>15</th>\n",
       "      <td>0.878906</td>\n",
       "      <td>1.054688</td>\n",
       "      <td>9.260561</td>\n",
       "      <td>0</td>\n",
       "    </tr>\n",
       "    <tr>\n",
       "      <th>14</th>\n",
       "      <td>5.742188</td>\n",
       "      <td>5.859375</td>\n",
       "      <td>8.528573</td>\n",
       "      <td>0</td>\n",
       "    </tr>\n",
       "    <tr>\n",
       "      <th>8</th>\n",
       "      <td>-1.054688</td>\n",
       "      <td>-0.937500</td>\n",
       "      <td>8.141763</td>\n",
       "      <td>0</td>\n",
       "    </tr>\n",
       "    <tr>\n",
       "      <th>7</th>\n",
       "      <td>-5.625000</td>\n",
       "      <td>-5.507812</td>\n",
       "      <td>7.957811</td>\n",
       "      <td>0</td>\n",
       "    </tr>\n",
       "    <tr>\n",
       "      <th>19</th>\n",
       "      <td>2.460938</td>\n",
       "      <td>2.519531</td>\n",
       "      <td>7.425566</td>\n",
       "      <td>0</td>\n",
       "    </tr>\n",
       "    <tr>\n",
       "      <th>13</th>\n",
       "      <td>1.992188</td>\n",
       "      <td>2.109375</td>\n",
       "      <td>6.752706</td>\n",
       "      <td>0</td>\n",
       "    </tr>\n",
       "    <tr>\n",
       "      <th>5</th>\n",
       "      <td>3.867188</td>\n",
       "      <td>3.867188</td>\n",
       "      <td>6.423915</td>\n",
       "      <td>0</td>\n",
       "    </tr>\n",
       "    <tr>\n",
       "      <th>12</th>\n",
       "      <td>6.503906</td>\n",
       "      <td>6.621094</td>\n",
       "      <td>6.150181</td>\n",
       "      <td>0</td>\n",
       "    </tr>\n",
       "    <tr>\n",
       "      <th>9</th>\n",
       "      <td>1.289062</td>\n",
       "      <td>1.347656</td>\n",
       "      <td>5.256238</td>\n",
       "      <td>0</td>\n",
       "    </tr>\n",
       "    <tr>\n",
       "      <th>10</th>\n",
       "      <td>-4.921875</td>\n",
       "      <td>-4.921875</td>\n",
       "      <td>4.852124</td>\n",
       "      <td>0</td>\n",
       "    </tr>\n",
       "    <tr>\n",
       "      <th>16</th>\n",
       "      <td>0.585938</td>\n",
       "      <td>0.644531</td>\n",
       "      <td>4.706585</td>\n",
       "      <td>0</td>\n",
       "    </tr>\n",
       "    <tr>\n",
       "      <th>18</th>\n",
       "      <td>1.640625</td>\n",
       "      <td>1.699219</td>\n",
       "      <td>4.665102</td>\n",
       "      <td>0</td>\n",
       "    </tr>\n",
       "    <tr>\n",
       "      <th>17</th>\n",
       "      <td>5.273438</td>\n",
       "      <td>5.390625</td>\n",
       "      <td>4.282117</td>\n",
       "      <td>0</td>\n",
       "    </tr>\n",
       "    <tr>\n",
       "      <th>20</th>\n",
       "      <td>-9.199219</td>\n",
       "      <td>-9.199219</td>\n",
       "      <td>2.812771</td>\n",
       "      <td>1</td>\n",
       "    </tr>\n",
       "    <tr>\n",
       "      <th>27</th>\n",
       "      <td>4.042969</td>\n",
       "      <td>4.042969</td>\n",
       "      <td>2.748021</td>\n",
       "      <td>1</td>\n",
       "    </tr>\n",
       "    <tr>\n",
       "      <th>23</th>\n",
       "      <td>-5.097656</td>\n",
       "      <td>-5.097656</td>\n",
       "      <td>2.698591</td>\n",
       "      <td>1</td>\n",
       "    </tr>\n",
       "    <tr>\n",
       "      <th>21</th>\n",
       "      <td>-8.261719</td>\n",
       "      <td>-8.261719</td>\n",
       "      <td>2.654077</td>\n",
       "      <td>1</td>\n",
       "    </tr>\n",
       "    <tr>\n",
       "      <th>28</th>\n",
       "      <td>5.097656</td>\n",
       "      <td>5.097656</td>\n",
       "      <td>2.542250</td>\n",
       "      <td>1</td>\n",
       "    </tr>\n",
       "    <tr>\n",
       "      <th>22</th>\n",
       "      <td>-6.093750</td>\n",
       "      <td>-6.093750</td>\n",
       "      <td>2.223069</td>\n",
       "      <td>1</td>\n",
       "    </tr>\n",
       "    <tr>\n",
       "      <th>26</th>\n",
       "      <td>2.285156</td>\n",
       "      <td>2.285156</td>\n",
       "      <td>2.199723</td>\n",
       "      <td>1</td>\n",
       "    </tr>\n",
       "    <tr>\n",
       "      <th>25</th>\n",
       "      <td>-0.761719</td>\n",
       "      <td>-0.761719</td>\n",
       "      <td>2.089986</td>\n",
       "      <td>1</td>\n",
       "    </tr>\n",
       "    <tr>\n",
       "      <th>29</th>\n",
       "      <td>7.031250</td>\n",
       "      <td>7.031250</td>\n",
       "      <td>2.060123</td>\n",
       "      <td>1</td>\n",
       "    </tr>\n",
       "    <tr>\n",
       "      <th>24</th>\n",
       "      <td>-4.687500</td>\n",
       "      <td>-4.687500</td>\n",
       "      <td>1.958026</td>\n",
       "      <td>1</td>\n",
       "    </tr>\n",
       "  </tbody>\n",
       "</table>\n",
       "</div>"
      ],
      "text/plain": [
       "         z0_min    z0_max      pt_sum  is_noise\n",
       "label                                          \n",
       "0     -3.164062 -1.406250  142.023392         0\n",
       "6     -3.808594 -3.398438  104.907082         0\n",
       "4     -0.117188  0.410156   51.442478         0\n",
       "3     -0.585938 -0.292969   17.673368         0\n",
       "11     3.457031  3.632812   17.044699         0\n",
       "1      2.812500  3.105469   14.746803         0\n",
       "2     -4.218750 -4.042969   13.367491         0\n",
       "15     0.878906  1.054688    9.260561         0\n",
       "14     5.742188  5.859375    8.528573         0\n",
       "8     -1.054688 -0.937500    8.141763         0\n",
       "7     -5.625000 -5.507812    7.957811         0\n",
       "19     2.460938  2.519531    7.425566         0\n",
       "13     1.992188  2.109375    6.752706         0\n",
       "5      3.867188  3.867188    6.423915         0\n",
       "12     6.503906  6.621094    6.150181         0\n",
       "9      1.289062  1.347656    5.256238         0\n",
       "10    -4.921875 -4.921875    4.852124         0\n",
       "16     0.585938  0.644531    4.706585         0\n",
       "18     1.640625  1.699219    4.665102         0\n",
       "17     5.273438  5.390625    4.282117         0\n",
       "20    -9.199219 -9.199219    2.812771         1\n",
       "27     4.042969  4.042969    2.748021         1\n",
       "23    -5.097656 -5.097656    2.698591         1\n",
       "21    -8.261719 -8.261719    2.654077         1\n",
       "28     5.097656  5.097656    2.542250         1\n",
       "22    -6.093750 -6.093750    2.223069         1\n",
       "26     2.285156  2.285156    2.199723         1\n",
       "25    -0.761719 -0.761719    2.089986         1\n",
       "29     7.031250  7.031250    2.060123         1\n",
       "24    -4.687500 -4.687500    1.958026         1"
      ]
     },
     "execution_count": 43,
     "metadata": {},
     "output_type": "execute_result"
    }
   ],
   "source": [
    "clusters"
   ]
  },
  {
   "cell_type": "code",
   "execution_count": 45,
   "metadata": {},
   "outputs": [
    {
     "data": {
      "text/html": [
       "<div>\n",
       "<style scoped>\n",
       "    .dataframe tbody tr th:only-of-type {\n",
       "        vertical-align: middle;\n",
       "    }\n",
       "\n",
       "    .dataframe tbody tr th {\n",
       "        vertical-align: top;\n",
       "    }\n",
       "\n",
       "    .dataframe thead th {\n",
       "        text-align: right;\n",
       "    }\n",
       "</style>\n",
       "<table border=\"1\" class=\"dataframe\">\n",
       "  <thead>\n",
       "    <tr style=\"text-align: right;\">\n",
       "      <th></th>\n",
       "      <th>z0_min</th>\n",
       "      <th>z0_max</th>\n",
       "      <th>pt_sum</th>\n",
       "      <th>is_noise</th>\n",
       "    </tr>\n",
       "    <tr>\n",
       "      <th>label</th>\n",
       "      <th></th>\n",
       "      <th></th>\n",
       "      <th></th>\n",
       "      <th></th>\n",
       "    </tr>\n",
       "  </thead>\n",
       "  <tbody>\n",
       "    <tr>\n",
       "      <th>20</th>\n",
       "      <td>-9.199219</td>\n",
       "      <td>-9.199219</td>\n",
       "      <td>2.812771</td>\n",
       "      <td>1</td>\n",
       "    </tr>\n",
       "    <tr>\n",
       "      <th>21</th>\n",
       "      <td>-8.261719</td>\n",
       "      <td>-8.261719</td>\n",
       "      <td>2.654077</td>\n",
       "      <td>1</td>\n",
       "    </tr>\n",
       "    <tr>\n",
       "      <th>22</th>\n",
       "      <td>-6.093750</td>\n",
       "      <td>-6.093750</td>\n",
       "      <td>2.223069</td>\n",
       "      <td>1</td>\n",
       "    </tr>\n",
       "    <tr>\n",
       "      <th>7</th>\n",
       "      <td>-5.625000</td>\n",
       "      <td>-5.507812</td>\n",
       "      <td>7.957811</td>\n",
       "      <td>0</td>\n",
       "    </tr>\n",
       "    <tr>\n",
       "      <th>23</th>\n",
       "      <td>-5.097656</td>\n",
       "      <td>-5.097656</td>\n",
       "      <td>2.698591</td>\n",
       "      <td>1</td>\n",
       "    </tr>\n",
       "    <tr>\n",
       "      <th>10</th>\n",
       "      <td>-4.921875</td>\n",
       "      <td>-4.921875</td>\n",
       "      <td>4.852124</td>\n",
       "      <td>0</td>\n",
       "    </tr>\n",
       "    <tr>\n",
       "      <th>24</th>\n",
       "      <td>-4.687500</td>\n",
       "      <td>-4.687500</td>\n",
       "      <td>1.958026</td>\n",
       "      <td>1</td>\n",
       "    </tr>\n",
       "    <tr>\n",
       "      <th>2</th>\n",
       "      <td>-4.218750</td>\n",
       "      <td>-4.042969</td>\n",
       "      <td>13.367491</td>\n",
       "      <td>0</td>\n",
       "    </tr>\n",
       "    <tr>\n",
       "      <th>6</th>\n",
       "      <td>-3.808594</td>\n",
       "      <td>-3.398438</td>\n",
       "      <td>104.907082</td>\n",
       "      <td>0</td>\n",
       "    </tr>\n",
       "    <tr>\n",
       "      <th>0</th>\n",
       "      <td>-3.164062</td>\n",
       "      <td>-1.406250</td>\n",
       "      <td>142.023392</td>\n",
       "      <td>0</td>\n",
       "    </tr>\n",
       "    <tr>\n",
       "      <th>8</th>\n",
       "      <td>-1.054688</td>\n",
       "      <td>-0.937500</td>\n",
       "      <td>8.141763</td>\n",
       "      <td>0</td>\n",
       "    </tr>\n",
       "    <tr>\n",
       "      <th>25</th>\n",
       "      <td>-0.761719</td>\n",
       "      <td>-0.761719</td>\n",
       "      <td>2.089986</td>\n",
       "      <td>1</td>\n",
       "    </tr>\n",
       "    <tr>\n",
       "      <th>3</th>\n",
       "      <td>-0.585938</td>\n",
       "      <td>-0.292969</td>\n",
       "      <td>17.673368</td>\n",
       "      <td>0</td>\n",
       "    </tr>\n",
       "    <tr>\n",
       "      <th>4</th>\n",
       "      <td>-0.117188</td>\n",
       "      <td>0.410156</td>\n",
       "      <td>51.442478</td>\n",
       "      <td>0</td>\n",
       "    </tr>\n",
       "    <tr>\n",
       "      <th>16</th>\n",
       "      <td>0.585938</td>\n",
       "      <td>0.644531</td>\n",
       "      <td>4.706585</td>\n",
       "      <td>0</td>\n",
       "    </tr>\n",
       "    <tr>\n",
       "      <th>15</th>\n",
       "      <td>0.878906</td>\n",
       "      <td>1.054688</td>\n",
       "      <td>9.260561</td>\n",
       "      <td>0</td>\n",
       "    </tr>\n",
       "    <tr>\n",
       "      <th>9</th>\n",
       "      <td>1.289062</td>\n",
       "      <td>1.347656</td>\n",
       "      <td>5.256238</td>\n",
       "      <td>0</td>\n",
       "    </tr>\n",
       "    <tr>\n",
       "      <th>18</th>\n",
       "      <td>1.640625</td>\n",
       "      <td>1.699219</td>\n",
       "      <td>4.665102</td>\n",
       "      <td>0</td>\n",
       "    </tr>\n",
       "    <tr>\n",
       "      <th>13</th>\n",
       "      <td>1.992188</td>\n",
       "      <td>2.109375</td>\n",
       "      <td>6.752706</td>\n",
       "      <td>0</td>\n",
       "    </tr>\n",
       "    <tr>\n",
       "      <th>26</th>\n",
       "      <td>2.285156</td>\n",
       "      <td>2.285156</td>\n",
       "      <td>2.199723</td>\n",
       "      <td>1</td>\n",
       "    </tr>\n",
       "    <tr>\n",
       "      <th>19</th>\n",
       "      <td>2.460938</td>\n",
       "      <td>2.519531</td>\n",
       "      <td>7.425566</td>\n",
       "      <td>0</td>\n",
       "    </tr>\n",
       "    <tr>\n",
       "      <th>1</th>\n",
       "      <td>2.812500</td>\n",
       "      <td>3.105469</td>\n",
       "      <td>14.746803</td>\n",
       "      <td>0</td>\n",
       "    </tr>\n",
       "    <tr>\n",
       "      <th>11</th>\n",
       "      <td>3.457031</td>\n",
       "      <td>3.632812</td>\n",
       "      <td>17.044699</td>\n",
       "      <td>0</td>\n",
       "    </tr>\n",
       "    <tr>\n",
       "      <th>5</th>\n",
       "      <td>3.867188</td>\n",
       "      <td>3.867188</td>\n",
       "      <td>6.423915</td>\n",
       "      <td>0</td>\n",
       "    </tr>\n",
       "    <tr>\n",
       "      <th>27</th>\n",
       "      <td>4.042969</td>\n",
       "      <td>4.042969</td>\n",
       "      <td>2.748021</td>\n",
       "      <td>1</td>\n",
       "    </tr>\n",
       "    <tr>\n",
       "      <th>28</th>\n",
       "      <td>5.097656</td>\n",
       "      <td>5.097656</td>\n",
       "      <td>2.542250</td>\n",
       "      <td>1</td>\n",
       "    </tr>\n",
       "    <tr>\n",
       "      <th>17</th>\n",
       "      <td>5.273438</td>\n",
       "      <td>5.390625</td>\n",
       "      <td>4.282117</td>\n",
       "      <td>0</td>\n",
       "    </tr>\n",
       "    <tr>\n",
       "      <th>14</th>\n",
       "      <td>5.742188</td>\n",
       "      <td>5.859375</td>\n",
       "      <td>8.528573</td>\n",
       "      <td>0</td>\n",
       "    </tr>\n",
       "    <tr>\n",
       "      <th>12</th>\n",
       "      <td>6.503906</td>\n",
       "      <td>6.621094</td>\n",
       "      <td>6.150181</td>\n",
       "      <td>0</td>\n",
       "    </tr>\n",
       "    <tr>\n",
       "      <th>29</th>\n",
       "      <td>7.031250</td>\n",
       "      <td>7.031250</td>\n",
       "      <td>2.060123</td>\n",
       "      <td>1</td>\n",
       "    </tr>\n",
       "  </tbody>\n",
       "</table>\n",
       "</div>"
      ],
      "text/plain": [
       "         z0_min    z0_max      pt_sum  is_noise\n",
       "label                                          \n",
       "20    -9.199219 -9.199219    2.812771         1\n",
       "21    -8.261719 -8.261719    2.654077         1\n",
       "22    -6.093750 -6.093750    2.223069         1\n",
       "7     -5.625000 -5.507812    7.957811         0\n",
       "23    -5.097656 -5.097656    2.698591         1\n",
       "10    -4.921875 -4.921875    4.852124         0\n",
       "24    -4.687500 -4.687500    1.958026         1\n",
       "2     -4.218750 -4.042969   13.367491         0\n",
       "6     -3.808594 -3.398438  104.907082         0\n",
       "0     -3.164062 -1.406250  142.023392         0\n",
       "8     -1.054688 -0.937500    8.141763         0\n",
       "25    -0.761719 -0.761719    2.089986         1\n",
       "3     -0.585938 -0.292969   17.673368         0\n",
       "4     -0.117188  0.410156   51.442478         0\n",
       "16     0.585938  0.644531    4.706585         0\n",
       "15     0.878906  1.054688    9.260561         0\n",
       "9      1.289062  1.347656    5.256238         0\n",
       "18     1.640625  1.699219    4.665102         0\n",
       "13     1.992188  2.109375    6.752706         0\n",
       "26     2.285156  2.285156    2.199723         1\n",
       "19     2.460938  2.519531    7.425566         0\n",
       "1      2.812500  3.105469   14.746803         0\n",
       "11     3.457031  3.632812   17.044699         0\n",
       "5      3.867188  3.867188    6.423915         0\n",
       "27     4.042969  4.042969    2.748021         1\n",
       "28     5.097656  5.097656    2.542250         1\n",
       "17     5.273438  5.390625    4.282117         0\n",
       "14     5.742188  5.859375    8.528573         0\n",
       "12     6.503906  6.621094    6.150181         0\n",
       "29     7.031250  7.031250    2.060123         1"
      ]
     },
     "execution_count": 45,
     "metadata": {},
     "output_type": "execute_result"
    }
   ],
   "source": [
    "clusters.sort_values(by=\"z0_min\")"
   ]
  },
  {
   "cell_type": "code",
   "execution_count": null,
   "metadata": {},
   "outputs": [],
   "source": []
  },
  {
   "cell_type": "markdown",
   "metadata": {},
   "source": [
    "## Original Accelerated DBSCAN"
   ]
  },
  {
   "cell_type": "markdown",
   "metadata": {
    "jp-MarkdownHeadingCollapsed": true,
    "tags": []
   },
   "source": [
    "### Class definition"
   ]
  },
  {
   "cell_type": "code",
   "execution_count": 1,
   "metadata": {},
   "outputs": [],
   "source": [
    "class AccDBSCAN:\n",
    "    def __init__(self, z0, pt, eps, max_number_of_tracks, verbose: bool = False):\n",
    "        self.z0 = z0\n",
    "        self.pt = pt\n",
    "        self.eps = eps\n",
    "        self.verbose = verbose\n",
    "        self.n_tracks = z0.shape[0]\n",
    "        self.rs = pt  # variable to contain the sum of pt\n",
    "        self.max_number_of_tracks = int(max_number_of_tracks)\n",
    "        self.max_number_of_tracks_power_2 = 1 << (max_number_of_tracks - 1).bit_length()\n",
    "        self.max_number_of_tracks_log_2 = np.log2(self.max_number_of_tracks_power_2)\n"
   ]
  },
  {
   "cell_type": "markdown",
   "metadata": {
    "jp-MarkdownHeadingCollapsed": true,
    "tags": []
   },
   "source": [
    "### padding"
   ]
  },
  {
   "cell_type": "code",
   "execution_count": 2,
   "metadata": {},
   "outputs": [],
   "source": [
    "def add_padding(self):\n",
    "    \"\"\"pads array to match the maximum number of tracks\"\"\"\n",
    "\n",
    "    n_pad = self.max_number_of_tracks - self.n_tracks\n",
    "\n",
    "    # 21 cm is like out of bounds of the tracker\n",
    "    to_pad_z0 = 21 * np.ones(n_pad)\n",
    "    self.z0 = np.append(self.z0, to_pad_z0)\n",
    "\n",
    "    # 0 GeV padding for pT\n",
    "    to_pad_pt = np.zeros(n_pad)\n",
    "    self.pt = np.append(self.pt, to_pad_pt)\n",
    "\n",
    "    # 0 GeV padding to nearesr power of 2 for prefix sum of pT\n",
    "    n_pad_rs = self.max_number_of_tracks_power_2 - self.n_tracks\n",
    "    to_pad_rs = np.zeros(n_pad_rs)\n",
    "    self.rs = np.append(self.rs, to_pad_rs)\n",
    "AccDBSCAN.add_padding = add_padding"
   ]
  },
  {
   "cell_type": "markdown",
   "metadata": {
    "jp-MarkdownHeadingCollapsed": true,
    "tags": []
   },
   "source": [
    "### track building and data initialization"
   ]
  },
  {
   "cell_type": "code",
   "execution_count": 3,
   "metadata": {},
   "outputs": [],
   "source": [
    "def build_tracks(self):\n",
    "    \"\"\"\n",
    "    builds tracks by putting together the [z0, pt, label] information.\n",
    "    labels are initialized to 0 first\n",
    "    \"\"\"\n",
    "    self.tracks = np.zeros((self.max_number_of_tracks, 3))\n",
    "\n",
    "    self.tracks[:, 0] = self.z0\n",
    "    self.tracks[:, 1] = self.pt\n",
    "\n",
    "    # sort the tracks by z0\n",
    "    self.tracks = self.tracks[self.tracks[:, 0].argsort()]\n",
    "\n",
    "def initialize_data(self):\n",
    "\n",
    "    # pad z0 and pt\n",
    "    self.add_padding()\n",
    "    if self.verbose:\n",
    "        print(\"data padded\")\n",
    "\n",
    "    # build tracks\n",
    "    self.build_tracks()\n",
    "    if self.verbose:\n",
    "        print(\"tracks built\")\n",
    "\n",
    "    self.prefix_sum()\n",
    "    if self.verbose:\n",
    "        print(\"prefix sum done\")\n",
    "AccDBSCAN.build_tracks = build_tracks\n",
    "AccDBSCAN.initialize_data = initialize_data"
   ]
  },
  {
   "cell_type": "markdown",
   "metadata": {
    "jp-MarkdownHeadingCollapsed": true,
    "tags": []
   },
   "source": [
    "### Prefix sum"
   ]
  },
  {
   "cell_type": "code",
   "execution_count": 11,
   "metadata": {},
   "outputs": [],
   "source": [
    "def prefix_sum(self):\n",
    "    \"\"\"\n",
    "    Calculates the prefix sum of pT.\n",
    "    Warning, requires array to be of size thats log base of 2.\n",
    "    \"\"\"\n",
    "    arr = self.rs\n",
    "    size_log2 = int(np.log2(arr.shape[0]))\n",
    "\n",
    "    # up-sweep\n",
    "    for d in range(0, size_log2, 1):\n",
    "        step_size = 2**d\n",
    "        double_step_size = step_size * 2\n",
    "\n",
    "        for i in range(0, arr.shape[0], double_step_size):\n",
    "            arr[i + double_step_size - 1] += arr[i + step_size - 1]\n",
    "\n",
    "    # down-sweep\n",
    "    arr[arr.shape[0] - 1] = 0\n",
    "    d = size_log2 - 1\n",
    "\n",
    "    while d >= 0:\n",
    "        step_size = 2**d\n",
    "        double_step_size = step_size * 2\n",
    "        for i in range(0, arr.shape[0], double_step_size):\n",
    "            tmp = arr[i + step_size - 1]\n",
    "            arr[i + step_size - 1] = arr[i + double_step_size - 1]\n",
    "            arr[i + double_step_size - 1] += tmp\n",
    "        d -= 1\n",
    "AccDBSCAN.prefix_sum = prefix_sum"
   ]
  },
  {
   "cell_type": "markdown",
   "metadata": {
    "jp-MarkdownHeadingCollapsed": true,
    "tags": []
   },
   "source": [
    "### fit function"
   ]
  },
  {
   "cell_type": "code",
   "execution_count": 4,
   "metadata": {},
   "outputs": [],
   "source": [
    "def fit(self):\n",
    "\n",
    "    # setup tracks and sorting\n",
    "    self.initialize_data()\n",
    "    if self.verbose:\n",
    "        print(\"data initialized...\")\n",
    "        np.save(\"rs.npy\", self.rs)\n",
    "        np.save(\"pt.npy\", self.pt)\n",
    "        np.save(\"tracks.npy\", self.tracks)\n",
    "\n",
    "    # find left boundaries\n",
    "    self.find_left_boundaries()\n",
    "    if self.verbose:\n",
    "        print(\"left boundaries found...\")\n",
    "        np.save(\"left_boundaries.npy\", self.left_boundaries)\n",
    "\n",
    "    # find right boundaries\n",
    "    self.find_right_boundaries()\n",
    "    if self.verbose:\n",
    "        print(\"right boundaries found...\")\n",
    "        np.save(\"right_boundaries.npy\", self.boundaries)\n",
    "        # np.save(\"full_boundaries.npy\", self.boundaries)\n",
    "    # find vertices\n",
    "    self.find_vertices()\n",
    "    if self.verbose:\n",
    "        print(\"vertices found...\")\n",
    "\n",
    "    # record z0 of primary vertex\n",
    "    self.pv_z0 = self.vertices[0][0]\n",
    "    self.pv_pt = self.vertices[0][1]\n",
    "    if self.verbose:\n",
    "        print(\"scan complete.\")\n",
    "AccDBSCAN.fit = fit"
   ]
  },
  {
   "cell_type": "markdown",
   "metadata": {
    "jp-MarkdownHeadingCollapsed": true,
    "tags": []
   },
   "source": [
    "### left boundaries\n"
   ]
  },
  {
   "cell_type": "code",
   "execution_count": 5,
   "metadata": {},
   "outputs": [],
   "source": [
    "def find_left_boundaries(self):\n",
    "\n",
    "    left_boundaries = np.zeros(self.max_number_of_tracks, dtype=bool)\n",
    "\n",
    "    # first value is always a left boundary\n",
    "    left_boundaries[0] = 1\n",
    "\n",
    "    for i in range(1, self.max_number_of_tracks):\n",
    "        _t = self.tracks[i]\n",
    "\n",
    "        if _t[0] - self.tracks[i - 1][0] > self.eps:\n",
    "            self.tracks[i][2] = -1\n",
    "            left_boundaries[i] = 1\n",
    "        else:\n",
    "            left_boundaries[i] = 0\n",
    "\n",
    "    self.left_boundaries = left_boundaries\n",
    "AccDBSCAN.find_left_boundaries = find_left_boundaries"
   ]
  },
  {
   "cell_type": "markdown",
   "metadata": {
    "jp-MarkdownHeadingCollapsed": true,
    "tags": []
   },
   "source": [
    "### Right boundaries"
   ]
  },
  {
   "cell_type": "code",
   "execution_count": 6,
   "metadata": {},
   "outputs": [],
   "source": [
    "\n",
    "def find_right_boundaries(self):\n",
    "\n",
    "    max_tracks = self.max_number_of_tracks\n",
    "\n",
    "    boundaries = np.zeros((max_tracks, 6))\n",
    "\n",
    "    for i in range(max_tracks - 1):\n",
    "\n",
    "        check1 = self.left_boundaries[i] and not (self.left_boundaries[i + 1])\n",
    "        check2 = not (self.left_boundaries[i]) and self.left_boundaries[i + 1]\n",
    "\n",
    "        if check1 or check2:\n",
    "            boundaries[i][0] = i\n",
    "            boundaries[i][1] = self.rs[i]\n",
    "            boundaries[i][2] = self.rs[i + 1]\n",
    "            boundaries[i][3] = self.rs[i + 1] - self.rs[i]\n",
    "            boundaries[i][4] = self.tracks[i, 0]\n",
    "            boundaries[i][5] = self.tracks[i + 1, 0]\n",
    "        else:\n",
    "            boundaries[i][0] = max_tracks\n",
    "            boundaries[i][1] = 0\n",
    "            boundaries[i][2] = 0\n",
    "            boundaries[i][3] = 0\n",
    "            boundaries[i][4] = 21\n",
    "            boundaries[i][5] = 21\n",
    "\n",
    "    # Check for the last boundary\n",
    "    if self.left_boundaries[max_tracks - 1]:\n",
    "        boundaries[max_tracks - 1][0] = max_tracks\n",
    "        boundaries[max_tracks - 1][1] = 0\n",
    "        boundaries[max_tracks - 1][2] = 0\n",
    "        boundaries[max_tracks - 1][3] = 0\n",
    "        boundaries[max_tracks - 1][4] = 21\n",
    "        boundaries[max_tracks - 1][5] = 21\n",
    "    else:\n",
    "        boundaries[max_tracks - 1][0] = max_tracks - 1\n",
    "        boundaries[max_tracks - 1][1] = self.rs[max_tracks - 1]\n",
    "        boundaries[max_tracks - 1][2] = self.rs[max_tracks]\n",
    "\n",
    "    # Sort boundaries by the index\n",
    "    boundaries = boundaries[boundaries[:, 0].argsort()]\n",
    "\n",
    "    self.boundaries = boundaries\n",
    "AccDBSCAN.find_right_boundaries = find_right_boundaries"
   ]
  },
  {
   "cell_type": "markdown",
   "metadata": {
    "jp-MarkdownHeadingCollapsed": true,
    "tags": []
   },
   "source": [
    "### find_vertices"
   ]
  },
  {
   "cell_type": "code",
   "execution_count": 10,
   "metadata": {},
   "outputs": [],
   "source": [
    "def find_vertices(self) -> np.array:\n",
    "    label = 0\n",
    "    max_tracks = self.max_number_of_tracks\n",
    "    max_vertices = math.ceil(max_tracks / 2)\n",
    "\n",
    "    vertices = np.zeros((max_vertices, 2))\n",
    "\n",
    "    for i in range(0, max_tracks, 2):\n",
    "        left_boundary = self.boundaries[i]\n",
    "        right_boundary = self.boundaries[i + 1]\n",
    "\n",
    "        if left_boundary[0] != right_boundary[0]:\n",
    "            label += 1\n",
    "            z0_vertex = self.find_vertex_and_label_clusters(\n",
    "                self.tracks, left_boundary[0], right_boundary[0], label\n",
    "            )\n",
    "            # print(z0_vertex)\n",
    "            vertices[i // 2][0] = z0_vertex\n",
    "            vertices[i // 2][1] = right_boundary[2] - left_boundary[1]\n",
    "\n",
    "    # Argsort sorts in increasing order (add argsort[::-1][:n] for descending order)\n",
    "\n",
    "    vertices = vertices[vertices[:, 1].argsort()[::-1][: vertices.shape[0]]]\n",
    "\n",
    "    self.vertices = vertices\n",
    "AccDBSCAN.find_vertices = find_vertices"
   ]
  },
  {
   "cell_type": "markdown",
   "metadata": {
    "tags": []
   },
   "source": [
    "### get vertex"
   ]
  },
  {
   "cell_type": "code",
   "execution_count": 12,
   "metadata": {},
   "outputs": [],
   "source": [
    "def get_vertex(self, cluster_of_tracks: np.array) -> float:\n",
    "    \"\"\"\n",
    "    Calculates the median z0 of the cluster of tracks\n",
    "    \"\"\"\n",
    "\n",
    "    n_size = cluster_of_tracks.shape[0]\n",
    "\n",
    "    if n_size % 2 == 0:\n",
    "        return 0.5 * (\n",
    "            cluster_of_tracks[n_size // 2][0]\n",
    "            + cluster_of_tracks[n_size // 2 - 1][0]\n",
    "        )\n",
    "    else:\n",
    "        return cluster_of_tracks[n_size // 2][0]\n",
    "\n",
    "def find_vertex_and_label_clusters(\n",
    "    self, tracks: np.array, startIndex: int, endIndex: int, label: int\n",
    ") -> float:\n",
    "\n",
    "    tracks_cluster = tracks[int(startIndex) : int(endIndex) + 1]\n",
    "\n",
    "    z0_vertex = self.get_vertex(tracks_cluster)\n",
    "\n",
    "    return z0_vertex\n",
    "AccDBSCAN.get_vertex = get_vertex\n",
    "AccDBSCAN.find_vertex_and_label_clusters = find_vertex_and_label_clusters\n"
   ]
  },
  {
   "cell_type": "code",
   "execution_count": null,
   "metadata": {},
   "outputs": [],
   "source": []
  }
 ],
 "metadata": {
  "interpreter": {
   "hash": "17212318f44a1ff5305ff638e82c506922e786a85ea0359c6399d503679bee0c"
  },
  "kernelspec": {
   "display_name": "db-clustering",
   "language": "python",
   "name": "db-clustering"
  },
  "language_info": {
   "codemirror_mode": {
    "name": "ipython",
    "version": 3
   },
   "file_extension": ".py",
   "mimetype": "text/x-python",
   "name": "python",
   "nbconvert_exporter": "python",
   "pygments_lexer": "ipython3",
   "version": "3.8.13"
  }
 },
 "nbformat": 4,
 "nbformat_minor": 4
}
